height_off: 475.0
height_scale: 525.0
lat_off: 37.56237782860683
lat_scale: 0.05991674263924551
line_den_coeff_00: 1.0
line_den_coeff_01: 0.002016140341013891
line_den_coeff_02: -0.00238103047734082
line_den_coeff_03: -0.0004472399649220384
line_den_coeff_04: -5.971142494024764e-05
line_den_coeff_05: -4.526216539586742e-06
line_den_coeff_06: 1.2833308208802424e-05
line_den_coeff_07: 7.538535898889566e-05
line_den_coeff_08: 0.001178157841196818
line_den_coeff_09: 4.5547281176383374e-05
line_den_coeff_10: 6.903533584516943e-08
line_den_coeff_11: 1.678320415543929e-07
line_den_coeff_12: 3.764227288184071e-06
line_den_coeff_13: 1.0628806136717343e-07
line_den_coeff_14: -2.9063719714787564e-08
line_den_coeff_15: -1.7581824795764894e-06
line_den_coeff_16: -6.837885833164379e-09
line_den_coeff_17: -6.715369970084885e-09
line_den_coeff_18: -4.843615722288849e-07
line_den_coeff_19: -1.2834591009201697e-10
line_num_coeff_00: -0.0018237104837069747
line_num_coeff_01: 0.022545518489403754
line_num_coeff_02: -1.0296114313444122
line_num_coeff_03: -0.006764607831231523
line_num_coeff_04: 0.0002830769620929131
line_num_coeff_05: -7.676725847994202e-06
line_num_coeff_06: 0.00047412020398952874
line_num_coeff_07: -0.0005019127137230035
line_num_coeff_08: 0.0024322424226652125
line_num_coeff_09: 3.480488125883809e-06
line_num_coeff_10: 3.7318055912105233e-06
line_num_coeff_11: 1.8902473505431725e-06
line_num_coeff_12: 4.067763787059684e-05
line_num_coeff_13: 1.0486193769302954e-06
line_num_coeff_14: -7.774545081545336e-05
line_num_coeff_15: -0.0007497076239333801
line_num_coeff_16: -4.691238668489868e-05
line_num_coeff_17: -4.2825498384029306e-07
line_num_coeff_18: -1.2594380817145257e-05
line_num_coeff_19: -3.082807275523555e-07
line_off: 12697.37843682771
line_scale: 12698.630773318304
long_off: 36.91702778663928
long_scale: 0.08724807729769779
samp_den_coeff_00: 1.0
samp_den_coeff_01: -0.015152774334553415
samp_den_coeff_02: 0.0031513036542801056
samp_den_coeff_03: -0.0018249785670018585
samp_den_coeff_04: -1.1662331108843073e-05
samp_den_coeff_05: -5.044407423502299e-07
samp_den_coeff_06: 2.3219192885791726e-05
samp_den_coeff_07: 0.0002817038026450908
samp_den_coeff_08: 0.0013080685670525361
samp_den_coeff_09: 4.078405948218982e-06
samp_den_coeff_10: 1.606706830170237e-07
samp_den_coeff_11: 6.686252023288453e-07
samp_den_coeff_12: 2.9514309462331234e-06
samp_den_coeff_13: 1.75721718598198e-08
samp_den_coeff_14: 4.7007053141932334e-07
samp_den_coeff_15: -1.8866748398146866e-06
samp_den_coeff_16: -2.3271327951787112e-08
samp_den_coeff_17: -2.917955633371643e-07
samp_den_coeff_18: -1.0919283256467245e-06
samp_den_coeff_19: -2.7009347732638016e-09
samp_num_coeff_00: 0.0026154128325885794
samp_num_coeff_01: 1.0162960769564968
samp_num_coeff_02: -0.00016718000745194982
samp_num_coeff_03: 0.015629682251504337
samp_num_coeff_04: 0.0033728553399477394
samp_num_coeff_05: -0.0013097001067433334
samp_num_coeff_06: -0.00010200568603027703
samp_num_coeff_07: -0.01796477962598111
samp_num_coeff_08: 0.0009042140529710777
samp_num_coeff_09: -1.840319198129974e-05
samp_num_coeff_10: 2.992722741175705e-05
samp_num_coeff_11: 0.00032437379746299904
samp_num_coeff_12: 0.00131509580943835
samp_num_coeff_13: 3.0927233273725116e-06
samp_num_coeff_14: 2.293115269627258e-06
samp_num_coeff_15: -0.00010869304099173664
samp_num_coeff_16: 5.464119402820084e-07
samp_num_coeff_17: -7.22711184717651e-06
samp_num_coeff_18: 1.5943248493592368e-05
samp_num_coeff_19: 5.291497856931384e-08
samp_off: 14447.56687149962
samp_scale: 14450.00436480497
type:  ossimRpcModel
