height_off: 475.0
height_scale: 525.0
lat_off: 37.55975753714581
lat_scale: 0.0614224844130824
line_den_coeff_00: 1.0
line_den_coeff_01: 0.0037565580908927184
line_den_coeff_02: -0.0005073812133298506
line_den_coeff_03: -0.0008677388288503212
line_den_coeff_04: 9.450263236428203e-05
line_den_coeff_05: -6.623746474591354e-06
line_den_coeff_06: -2.1871454144184618e-05
line_den_coeff_07: 2.527077769227952e-05
line_den_coeff_08: -9.205338903685593e-05
line_den_coeff_09: 1.9826323591548944e-06
line_den_coeff_10: 3.3771232407896636e-08
line_den_coeff_11: -4.420502090011535e-08
line_den_coeff_12: -2.3833236597595256e-06
line_den_coeff_13: 2.71783902887565e-09
line_den_coeff_14: 1.2847244360646845e-07
line_den_coeff_15: 8.047089928093684e-08
line_den_coeff_16: 1.3863019782375418e-09
line_den_coeff_17: 7.308294388674415e-09
line_den_coeff_18: -4.316230935727854e-08
line_den_coeff_19: -3.784175886484699e-11
line_num_coeff_00: 0.002727582712637234
line_num_coeff_01: -0.03354550286725542
line_num_coeff_02: -1.048443680500243
line_num_coeff_03: 0.014871639997791319
line_num_coeff_04: -0.002168998519170868
line_num_coeff_05: 5.9850846615876584e-05
line_num_coeff_06: 0.0008875040505458892
line_num_coeff_07: -0.0007433908246799968
line_num_coeff_08: 0.00016217934422273466
line_num_coeff_09: -1.3869857257517999e-05
line_num_coeff_10: 7.911326743638093e-06
line_num_coeff_11: -2.168468526324256e-06
line_num_coeff_12: -0.00011028418590646128
line_num_coeff_13: -1.4769946223676576e-07
line_num_coeff_14: -2.6843486909337702e-05
line_num_coeff_15: 0.00011818796731741296
line_num_coeff_16: -2.367617604889594e-06
line_num_coeff_17: 1.0890274777423813e-06
line_num_coeff_18: 2.079887632829724e-05
line_num_coeff_19: 3.0520887757572834e-08
line_off: 12593.795187481248
line_scale: 12597.41447227986
long_off: 36.91661616322399
long_scale: 0.08665599258923606
samp_den_coeff_00: 1.0
samp_den_coeff_01: 0.0007702743657419439
samp_den_coeff_02: -0.0010157561142631498
samp_den_coeff_03: -0.0005208516699054344
samp_den_coeff_04: -6.668361149702482e-05
samp_den_coeff_05: -1.38024284161641e-06
samp_den_coeff_06: -3.0164248343133163e-06
samp_den_coeff_07: 1.8779593132810348e-05
samp_den_coeff_08: 6.509246050273307e-05
samp_den_coeff_09: 2.4052986244505696e-06
samp_den_coeff_10: 1.0047874415863893e-08
samp_den_coeff_11: 5.182401256201796e-09
samp_den_coeff_12: 4.322970811824653e-07
samp_den_coeff_13: 6.95409762019502e-09
samp_den_coeff_14: 3.228833125882635e-08
samp_den_coeff_15: -1.042673747474997e-06
samp_den_coeff_16: 1.2238608009657898e-09
samp_den_coeff_17: -1.7261550633472527e-08
samp_den_coeff_18: -1.0856743170451792e-08
samp_den_coeff_19: -2.0681607749341637e-09
samp_num_coeff_00: 0.0022138345702683543
samp_num_coeff_01: 1.011094651528588
samp_num_coeff_02: 3.096260807697641e-05
samp_num_coeff_03: 0.010798876068490861
samp_num_coeff_04: -0.0009997748221364944
samp_num_coeff_05: 0.0002695117541706685
samp_num_coeff_06: -0.00019539284241272033
samp_num_coeff_07: -0.0009692209670666824
samp_num_coeff_08: 0.0004809181518632094
samp_num_coeff_09: 4.790561492339822e-06
samp_num_coeff_10: -2.3829439372627108e-06
samp_num_coeff_11: 1.5110154221302423e-05
samp_num_coeff_12: 3.353971784056082e-05
samp_num_coeff_13: 2.545484430030111e-06
samp_num_coeff_14: -3.6028705321119037e-05
samp_num_coeff_15: -0.0002503366697899752
samp_num_coeff_16: -2.1484327975576398e-07
samp_num_coeff_17: -2.945715645091683e-06
samp_num_coeff_18: 1.1068283040859252e-05
samp_num_coeff_19: 2.8742028687737485e-08
samp_off: 14597.974095339752
samp_scale: 14601.002530034551
type:  ossimRpcModel
