height_off: 475.0
height_scale: 525.0
lat_off: 37.53555016644126
lat_scale: 0.07615253659254506
line_den_coeff_00: 1.0
line_den_coeff_01: 0.009707325168549006
line_den_coeff_02: -0.007319769591632911
line_den_coeff_03: -0.0018309450064641966
line_den_coeff_04: -0.00012738631534630325
line_den_coeff_05: -1.248421105152608e-05
line_den_coeff_06: -5.25194619251724e-06
line_den_coeff_07: 5.446335515180928e-05
line_den_coeff_08: -0.0001894915728565471
line_den_coeff_09: -1.0897395733831166e-05
line_den_coeff_10: 2.5406219338757486e-08
line_den_coeff_11: 1.4873653588206318e-07
line_den_coeff_12: 5.955308897791601e-08
line_den_coeff_13: -3.330189287058136e-08
line_den_coeff_14: -3.773863713295469e-07
line_den_coeff_15: 4.814455172712293e-07
line_den_coeff_16: 7.129858586648438e-09
line_den_coeff_17: -1.6075260834917527e-08
line_den_coeff_18: 2.1979023288720018e-07
line_den_coeff_19: -2.186195959630479e-11
line_num_coeff_00: -0.0018018263428126082
line_num_coeff_01: 0.009321087376413453
line_num_coeff_02: -1.0114260054140778
line_num_coeff_03: -0.0022088577166884562
line_num_coeff_04: -0.0067728317740076436
line_num_coeff_05: -3.1802321785509254e-05
line_num_coeff_06: 0.0018682824528349704
line_num_coeff_07: -0.0006985322442316153
line_num_coeff_08: 0.006895058443684614
line_num_coeff_09: 4.2580365557600785e-06
line_num_coeff_10: 7.028689674341185e-06
line_num_coeff_11: -4.70261578420896e-06
line_num_coeff_12: 8.130431231091711e-05
line_num_coeff_13: -8.550531198057415e-08
line_num_coeff_14: -3.093326660888921e-05
line_num_coeff_15: 0.00011737169718610777
line_num_coeff_16: 1.103596796171687e-05
line_num_coeff_17: 1.268443203734691e-06
line_num_coeff_18: 5.829599744723223e-06
line_num_coeff_19: 2.369356701466535e-08
line_off: 16556.17332996732
line_scale: 16555.297167532484
long_off: 36.95373343175554
long_scale: 0.11903437438497733
samp_den_coeff_00: 1.0
samp_den_coeff_01: 0.030526936917980252
samp_den_coeff_02: -0.004080253528719593
samp_den_coeff_03: -0.0009726551730324433
samp_den_coeff_04: -0.00030881975999977156
samp_den_coeff_05: -1.2853922332491131e-05
samp_den_coeff_06: 9.02018916193519e-06
samp_den_coeff_07: 0.00014742598427380685
samp_den_coeff_08: -0.0001013854453586996
samp_den_coeff_09: 2.7475360545879964e-06
samp_den_coeff_10: 2.0455621390033903e-07
samp_den_coeff_11: 4.62121800329806e-07
samp_den_coeff_12: -2.962862506957259e-07
samp_den_coeff_13: 2.6555831634270375e-09
samp_den_coeff_14: -2.019031140578792e-06
samp_den_coeff_15: -3.154910028211951e-07
samp_den_coeff_16: -4.926302280103937e-09
samp_den_coeff_17: -1.0627361569383342e-08
samp_den_coeff_18: 6.237614204814167e-08
samp_den_coeff_19: -2.098153304326177e-09
samp_num_coeff_00: 0.0031787572102585852
samp_num_coeff_01: 1.0118153006534094
samp_num_coeff_02: -0.00018718175016793753
samp_num_coeff_03: 0.010841543871914688
samp_num_coeff_04: -0.00391773853556273
samp_num_coeff_05: 0.00012579656697640957
samp_num_coeff_06: -0.00019193716637983159
samp_num_coeff_07: 0.027573289240378676
samp_num_coeff_08: 0.001297578300473788
samp_num_coeff_09: -3.0983659430250574e-06
samp_num_coeff_10: 3.5557504045939903e-07
samp_num_coeff_11: 4.60954864961012e-05
samp_num_coeff_12: -7.940264079149241e-05
samp_num_coeff_13: 2.6400025465722854e-06
samp_num_coeff_14: -0.00024593559120111977
samp_num_coeff_15: 2.0608059699892755e-05
samp_num_coeff_16: 1.0853947068734547e-07
samp_num_coeff_17: 1.0377060756551771e-05
samp_num_coeff_18: -1.8886519299301216e-06
samp_num_coeff_19: 2.8247078731055002e-08
samp_off: 19952.221148413955
samp_scale: 19951.181353264532
type:  ossimRpcModel
