height_off: 475.0
height_scale: 525.0
lat_off: 37.53625616113257
lat_scale: 0.07956909392149569
line_den_coeff_00: 1.0
line_den_coeff_01: 0.002437462101958334
line_den_coeff_02: 0.002937035276944942
line_den_coeff_03: -0.0008637660220798526
line_den_coeff_04: -0.00014017698475202704
line_den_coeff_05: -2.022455242435464e-06
line_den_coeff_06: 1.5792823840192655e-06
line_den_coeff_07: 3.0243636597334002e-05
line_den_coeff_08: 0.0001921473789640308
line_den_coeff_09: 5.4969931810792965e-06
line_den_coeff_10: -6.615625680438535e-09
line_den_coeff_11: 1.8026502416190536e-07
line_den_coeff_12: 1.4164338842014572e-06
line_den_coeff_13: 1.1848030192763349e-08
line_den_coeff_14: -1.3909575281700443e-07
line_den_coeff_15: 7.754182401044587e-08
line_den_coeff_16: 6.430545860791074e-10
line_den_coeff_17: -1.2566182944975858e-08
line_den_coeff_18: -9.082742047822759e-08
line_den_coeff_19: -2.8920563322645226e-10
line_num_coeff_00: 0.0035354452344558834
line_num_coeff_01: -0.04499171698474422
line_num_coeff_02: -1.0611466035693755
line_num_coeff_03: 0.01614111640301893
line_num_coeff_04: -0.0005058391326361747
line_num_coeff_05: 4.337646011593182e-05
line_num_coeff_06: 0.000923882934754828
line_num_coeff_07: -0.0010837590755012187
line_num_coeff_08: -0.0034562792779572133
line_num_coeff_09: -1.4617607383245359e-05
line_num_coeff_10: -1.5676633822485023e-06
line_num_coeff_11: -1.7818206384683107e-06
line_num_coeff_12: 0.00012619205320368908
line_num_coeff_13: -2.550855818987647e-07
line_num_coeff_14: -2.962014718954656e-05
line_num_coeff_15: -0.00014093048391996825
line_num_coeff_16: -5.715527716488492e-06
line_num_coeff_17: 1.3941064745896642e-06
line_num_coeff_18: -1.6157610211201154e-06
line_num_coeff_19: 8.931344373636736e-08
line_off: 15706.33185774676
line_scale: 15702.967469194247
long_off: 36.9535706866581
long_scale: 0.11901617169500867
samp_den_coeff_00: 1.0
samp_den_coeff_01: 0.0043525527618757135
samp_den_coeff_02: -0.0010648369619058549
samp_den_coeff_03: -0.0003087398801681673
samp_den_coeff_04: -0.0001139282356947251
samp_den_coeff_05: 1.1689257489017733e-06
samp_den_coeff_06: -4.537173623054815e-06
samp_den_coeff_07: 4.106732807827458e-06
samp_den_coeff_08: 0.00014934751429399352
samp_den_coeff_09: 1.3029666734978495e-06
samp_den_coeff_10: 1.526492987883748e-08
samp_den_coeff_11: -4.560184662638456e-08
samp_den_coeff_12: 1.6490020689421965e-07
samp_den_coeff_13: 3.0990311629016214e-09
samp_den_coeff_14: -1.696458774571953e-07
samp_den_coeff_15: 2.4764844321605824e-08
samp_den_coeff_16: 3.1557669885171416e-09
samp_den_coeff_17: 1.576131605783602e-08
samp_den_coeff_18: -1.1270928035616337e-07
samp_den_coeff_19: -1.307582916998613e-09
samp_num_coeff_00: 0.0027522089283302793
samp_num_coeff_01: 1.0071677615847352
samp_num_coeff_02: 1.935211897765461e-06
samp_num_coeff_03: 0.007014099349211274
samp_num_coeff_04: -0.001059473757743831
samp_num_coeff_05: 0.0005066091375147849
samp_num_coeff_06: -0.00017385197989806258
samp_num_coeff_07: 0.002239530274550004
samp_num_coeff_08: 0.0003097707454735989
samp_num_coeff_09: 5.444002511130246e-06
samp_num_coeff_10: -5.164159927841708e-06
samp_num_coeff_11: -1.0593249647709032e-05
samp_num_coeff_12: 0.00014599734302568403
samp_num_coeff_13: 1.6468576897613871e-06
samp_num_coeff_14: -5.986958593586671e-05
samp_num_coeff_15: 5.75805840542048e-05
samp_num_coeff_16: -6.036718222178286e-08
samp_num_coeff_17: 9.77660629154576e-07
samp_num_coeff_18: -1.7257485198109798e-06
samp_num_coeff_19: 1.2073773215366723e-08
samp_off: 19953.77152641625
samp_scale: 19951.314956804992
type:  ossimRpcModel
